
t=swp*[1; 0; 0; 0; 0; 0; 0];
u=swp*[0; 1; 0; 0; 0; 0; 0];
c1=0.002*swp*[0; 0; 1; 0; 0; 0; 0];
c2=0.002*swp*[0; 0; 0; 0; 1; 0; 0];